419566424211195358027501433880
987695806406999119489443591084
004214048739529610856386849893
760263525218926932484803748264
311519663666026913483587125106
424747677679078902135480825829
990561248916548008518360898352
258351249703317507642756170408
431545960214003683407189112159
085939687732873354919707956817
034219867010152916144902670910
608204942461817199702060792539
817741800480766029095320115273
628854578652805040555546273640
275892083751707612345493783111
046823830299398703835607519776
059620366258315016135918549218
930998245462741749132236189215
126688879961572947351341370336
884536290540717003955445421146
